400986049
400986048
400990710
400991810
400987160
400988417
400986687
400987159
400986050
400986340
400988199
400988418
400988198
400989213
400986341
400987934
400986051
400986342
400986338
400986335
400986336
400986642
400988419
400988200
400986347
400987164
400987936
400986052
400986346
400988893
400988421
400988204
400997653
400987165
400987162
400987940
400989918
400987938
400986345
400986054
400986344
400989151
400987939
400990361
400990089
400988423
400986058
400986348
400986878
400987167
400987941
400986698
400986606
400986055
400986349
400990115
400989195
400986353
400989275
400986059
400986351
400986352
400992445
400988209
400986847
400989214
400986350
400988424
400992927
400987946
400989242
400986354
400991811
400990365
400990365
400990365
400987064
400986356
400987174
400986700
400987948
400986063
400986358
400988211
400987170
400987173
400987949
400987947
400991707
400987171
400990366
400986061
400989152
400986062
400986359
400989297
400988661
400986357
400986699
400988210
400991653
400989812
400988212
400986066
400987177
400986067
400989175
400988425
400987175
400988216
400989128
400999668
400999767
400986360
400999766
400999660
400986065
400999661
400999669
400999671
400988662
400999662
400999663
400988213
400987951
400986064
400991052
400987178
400987950
400991500
400987179
400986361
400991236
400991067
400986363
400988488
400986364
400989276
400986879
400988487
400988486
401001060
400991068
401001053
400991070
401001054
401001040
400986069
400987953
400987954
400986070
400986362
400986848
400986367
400986371
401000129
400987183
400987184
400991802
400986073
400990090
400986071
400999673
400986369
400999665
401000131
401001160
400988220
400999674
400986365
400986072
400991435
401001175
400999675
400999667
400987955
400986366
400999666
400988221
400999664
400987182
400987956
400987957
400986078
400987185
400989277
400987959
400987189
400988491
400986074
400986375
400986076
400986372
400988222
400988489
400988223
400986374
400986075
400986373
400986077
400987187
400991501
400987186
400990895
400987963
401000095
401001766
400987190
400999769
401000132
400986080
401000133
400986376
400989176
400986377
400999768
401000094
401001767
401001765
400989778
400986079
400989881
401001786
401001762
400933455
400989611
400986380
400988492
400986085
400988677
400986081
401001947
400987192
401000099
400988224
401000096
401000098
400988493
400990375
400987962
401000097
401001955
400986378
400986082
400990601
401001951
401001884
401000100
400986086
400991654
400986087
400986088
400988494
400988495
401000102
400989278
401000103
400987196
400986381
400986383
400988225
400987193
401000101
400988226
400986382
400987195
400988227
400988496
400987964
400992969
400987194
400999746
400999680
401002169
400986387
400999678
400999725
400999688
401002171
400999722
400986089
400999676
400989177
400986956
401000104
400999677
400999724
400999748
400999686
400986850
400999687
400986390
400999721
400988228
400986389
400986314
401002170
400986092
400986385
400986384
401000105
400989244
400987198
400986090
400999689
400986388
401002172
400986091
400986386
400999723
400986391
400991763
400999747
400989268
400986701
400986392
400986093
400986851
400992343
400986094
401002353
400988498
400987967
400988497
400986994
400986310
401002354
400991511
400989813
400991245
400989623
400987968
400990604
400989153
400991078
401001002
400999683
400987201
401001005
400999692
400987199
401001001
400999690
401001003
400991081
400986393
