400919710
400915658
400915420
400916232
400910650
400915660
400916616
400915035
400910674
400915419
400919709
400915055
400916615
400915863
400916231
400916230
400990106
400987825
400988882
400992536
400987926
400986049
400986048
400990710
400991810
400988417
400986687
400986341
400989213
400987159
400986340
400988198
400987934
400986051
400986050
400987160
400988199
400988418
400986342
400986338
400986335
400986642
400988419
400986336
400988200
400986347
400987164
400987936
400986052
400989918
400986054
400986344
400987165
400990361
400986346
400988893
400987938
400986345
400989151
400987939
400988421
400987162
400987940
400997653
400988204
400990089
400988423
400986058
400987941
400986698
400986606
400986055
400986349
400990115
400989195
400986348
400986878
400987167
400992927
400986353
400989275
400986847
400988424
400986354
400986059
400986351
400989214
400987946
400990365
400990365
400990365
400986350
400986352
400989242
400992445
400991811
400987064
400988209
400987170
400987173
400987947
400991707
400986061
400989152
400986357
400986356
400987174
400986700
400987948
400986063
400990366
400986062
400986359
400989297
400988661
400986699
400991653
400989812
400987171
400987949
400986358
400988210
400988212
400988211
400999668
400999660
400991052
400988662
400999669
400999661
400987950
400987951
400986065
400999766
400988213
400986066
400987177
400986067
400999662
400991500
400987179
400986361
400999671
400999767
400989175
400988425
400987175
400987178
400991067
400986360
400986064
400988216
400989128
400999663
400991236
400988486
401001040
400986069
400991070
400988487
400987953
400986363
401001053
400988488
400986364
400991068
400986070
400989276
401001060
400987954
401001054
400986362
400986848
400986879
400990090
400986071
400999664
400987182
400986073
400999673
400986369
400988220
401001160
401000131
400999665
400986367
400986371
400991435
401000129
400999674
400986365
400986072
400987183
400987955
400986366
400999667
400999675
400987956
400987184
400991802
401001175
400988221
400999666
400986372
400988489
400987957
400986078
400987185
400989277
400988222
400986373
400986077
400987959
400991501
400987189
400987187
400987186
400988491
400986074
400986375
400986075
400990895
400986374
400986076
400988223
401001762
401001766
400999768
401001767
401001786
400999769
400989881
400986080
400986377
400986079
401000132
401001765
400986376
400989176
401000094
400989611
400987190
401000133
400989778
401000095
400986380
401000096
400988492
400990375
401000097
400986085
400988677
400986081
400988493
400986378
400986082
401001947
401001955
400987192
401000098
400987962
401001951
400990601
400987963
400988224
401000099
401001884
400987193
401000100
400988225
400986086
401000101
400991654
400986087
400986088
400988494
400987195
400988495
400986382
400988226
401000102
400988496
400988227
400989278
400987964
401000103
400987196
400987194
400986381
400986383
400992969
400999686
401002169
400986387
400986390
400999678
400999687
400986850
401002170
400986850
401002170
400986314
400999721
400988228
400986389
400986314
400999721
400988228
400986389
400999725
400986092
400986092
400986385
400986385
400986385
400999688
401002171
400999722
400999746
400999680
400986089
401000105
400989244
400987198
400986090
400999676
400986384
400999689
400989177
401002172
400986091
400986388
400986956
400999723
400986391
401000104
400986386
400999747
400999677
400999724
400999748
400991763
400987968
400986093
400992343
400986094
400989623
400986851
400989268
400986701
401002353
400988497
400986392
400988498
400987967
401002354
400991511
400989813
400991078
400986310
400989153
400986994
400990604
400991245
