401123436,207
401123438,206
401123402,227
401123393,212
401123435,208
401123437,205
401123401,228
401123394,211
401123406,215
401123403,232
401123400,221
401123396,209
401123405,216
401123404,231
401123399,222
401123395,210
401123398,223
401123411,218
401123407,214
401123409,220
401123397,224
401123412,217
401123408,213
401123410,219
401123415,226
401123420,201
401123413,230
401123418,203
401123416,225
401123419,202
401123414,229
401123417,204
401123379,103
401123377,104
